175.32
175.85
125.60
107.80
178.99
154.44
186.01
151.24
198.75
106.70
158.42
148.23
148.14
178.91
144.97
152.44
167.75
184.19
106.32
167.17
112.62
139.33
159.77
197.25
126.65
197.58
132.52
167.24
140.41
122.94
124.23
106.80
180.27
184.76
179.21
145.22
143.33
125.40
180.99
188.67
175.45
168.17
159.86
176.31
187.64
188.02
147.35
124.19
159.90
163.22
120.68
169.65
111.01
162.83
155.09
123.11
157.77
101.41
142.03
118.86
147.84
110.76
137.40
132.24
126.54
136.00
175.44
196.46
190.03
162.92
121.18
109.15
184.56
122.67
137.03
166.05
134.92
100.05
107.89
197.42
123.69
192.80
102.81
110.94
197.53
130.24
151.19
164.71
146.60
161.98
176.90
103.21
188.97
170.08
164.45
189.99
193.04
141.18
128.05
161.91
187.99
159.14
116.57
111.18
144.69
143.36
115.36
174.34
157.70
162.98
199.04
169.72
122.87
102.98
148.86
179.12
184.18
144.81
172.61
113.15
118.74
150.96
155.57
134.95
139.31
110.73
126.81
142.25
120.28
112.78
146.91
123.90
194.38
158.77
110.29
113.91
125.65
122.22
107.97
163.01
136.67
186.70
115.52
136.18
157.26
168.30
154.48
123.00
165.97
138.79
125.72
116.69
116.06
118.03
128.16
178.11
172.77
196.50
157.51
150.91
140.56
182.66
126.10
135.57
125.36
143.27
157.21
161.49
159.87
119.72
184.91
118.88
117.57
158.37
134.27
125.06
155.43
188.76
165.37
103.44
154.21
120.07
139.81
147.72
170.65
103.13
108.21
128.56
176.15
122.99
123.59
175.72
133.14
145.47
156.80
134.54
151.98
139.85
127.57
152.47
178.82
139.53
167.41
198.77
188.18
182.72
199.28
158.36
192.39
195.81
152.73
169.55
134.83
143.74
133.23
194.57
103.71
173.60
129.44
121.56
188.73
120.40
173.46
197.40
104.45
127.14
165.35
181.74
120.88
155.60
135.60
194.23
174.43
128.25
147.10
199.52
180.41
147.41
131.46
137.56
132.24
183.23
113.77
160.02
151.69
108.65
104.48
178.48
149.51
186.46
127.45
164.27
166.81
181.41
109.24
165.81
193.19
178.33
176.19
125.17
100.18
136.56
193.12
182.31
185.51
100.09
130.25
152.99
197.33
113.34
163.48
154.18
195.88
163.16
197.17
129.33
114.84
179.04
148.35
195.43
104.29
175.56
146.50
193.28
173.27
113.99
184.13
173.09
100.60
192.89
199.88
188.64
150.22
151.80
188.16
104.86
109.23
186.59
107.04
146.11
165.27
129.99
199.66
125.50
153.65
147.02
153.59
199.09
133.86
131.08
197.01
183.09
100.20
163.81
171.23
157.10
192.10
119.23
124.79
151.77
145.55
151.29
146.07
185.59
119.39
102.50
188.57
172.04
137.45
111.34
145.75
165.88
110.78
175.77
100.84
155.14
143.02
151.46
111.17
134.24
176.15
124.48
186.14
112.68
104.22
100.39
183.39
123.73
167.98
194.18
178.68
197.98
144.79
189.11
161.48
157.80
164.92
156.03
170.62
170.36
118.24
189.67
112.03
169.39
162.79
123.33
194.21
118.73
111.27
129.35
176.00
144.36
150.22
199.06
146.03
105.86
142.08
122.94
143.59
113.11
170.81
159.66
186.45
119.54
118.05
190.50
192.93
139.21
198.69
105.05
172.64
142.11
142.25
153.35
113.14
178.85
179.56
129.89
108.20
174.58
183.17
125.72
157.58
109.94
114.01
196.31
117.69
176.65
147.21
144.81
198.03
154.72
185.25
113.14
179.28
109.12
118.29
106.61
175.28
144.68
158.01
151.56
173.63
189.76
154.15
100.31
167.16
101.61
100.80
152.58
132.33
199.26
153.64
158.71
119.40
133.63
108.18
106.04
193.99
198.32
134.63
167.20
110.25
170.03
125.30
106.50
101.24
142.40
186.83
199.04
144.45
183.72
101.46
116.02
196.84
105.35
189.05
169.36
197.26
175.15
124.69
188.79
102.09
148.33
105.44
125.52
154.30
116.52
114.39
137.86
185.75
195.27
199.92
116.43
117.85
180.05
173.84
148.95
156.69
101.19
133.52
108.35
175.38
199.31
129.63
171.40
138.43
124.86
133.96
139.87
150.93
137.16
109.94
141.47
108.77
141.91
151.84
133.40
185.07
159.41
138.65
117.87
112.85
159.92
143.09
106.10
114.26
137.87
147.18
134.77
182.61
121.59
141.98
147.47
145.06
131.64
130.98
102.28
121.04
107.63
114.16
156.48
144.19
120.48
102.83
109.48
134.37
175.37
104.29
155.58
189.89
189.08
119.57
110.17
120.36
194.63
117.56
124.34
155.43
186.14
184.58
196.23
145.95
167.14
199.67
120.17
120.48
106.91
152.63
188.92
172.44
140.77
104.66
178.85
130.89
173.19
189.27
102.91
111.42
154.94
165.11
112.24
152.81
109.56
161.69
163.44
119.64
178.59
104.05
145.97
191.63
139.60
162.87
181.35
166.04
126.95
153.16
164.50
171.62
151.03
196.11
116.35
129.12
168.50
166.63
156.28
196.87
103.60
171.87
183.44
107.87
158.38
145.15
176.44
139.25
178.39
193.78
182.58
154.47
159.68
109.52
169.75
124.11
192.61
135.94
156.77
161.93
138.85
188.27
121.30
109.47
128.50
138.25
108.47
164.91
146.61
108.81
127.52
179.27
150.26
171.95
129.63
136.94
120.63
106.49
105.12
196.50
107.91
152.13
125.25
192.13
171.40
191.10
180.57
186.93
151.69
199.30
135.57
124.72
137.52
135.24
127.60
148.99
106.05
176.88
187.08
144.60
121.79
173.94
145.40
110.71
177.00
156.61
127.29
192.00
144.43
130.07
195.03
179.19
191.50
188.85
123.44
139.56
174.77
105.00
136.64
153.61
192.98
179.67
130.12
114.99
127.68
198.91
135.10
197.11
141.54
101.71
156.02
102.53
136.08
150.19
126.58
188.57
192.93
190.79
184.80
106.40
135.98
108.42
163.69
199.80
154.88
105.18
130.09
184.43
125.20
180.46
181.72
168.95
144.81
149.47
129.88
185.11
182.17
113.91
153.62
165.71
197.62
190.09
110.23
146.24
156.23
107.57
126.22
169.22
197.48
114.32
173.42
138.37
165.58
163.30
155.34
104.11
132.36
109.79
190.63
161.28
164.37
118.63
182.32
105.68
195.22
166.43
104.25
126.63
165.15
124.79
119.57
109.61
180.57
127.83
169.79
185.05
128.11
159.40
137.72
187.23
150.40
143.95
192.65
180.87
153.27
188.39
171.92
171.73
168.11
102.07
139.63
142.63
137.17
116.56
189.91
146.28
124.43
138.09
130.43
142.62
180.23
191.27
189.42
189.58
104.03
154.99
139.10
183.69
156.10
148.68
117.43
199.66
166.80
100.41
160.56
196.44
179.49
116.97
129.02
141.57
142.45
180.45
122.28
155.07
133.59
116.08
128.13
189.68
162.42
111.41
146.18
145.06
143.58
118.36
158.09
160.28
177.79
136.68
190.85
140.91
107.49
159.54
134.32
155.23
137.14
160.49
129.11
177.08
120.72
114.57
136.80
162.31
123.08
175.68
141.07
120.41
155.56
177.74
104.96
182.99
171.42
187.25
127.74
177.20
182.13
111.55
102.50
183.30
121.56
158.87
175.19
193.10
141.86
153.67
144.72
188.63
172.28
134.05
124.48
129.10
110.09
196.67
106.01
167.94
141.40
109.14
127.31
121.76
108.90
179.73
150.00
178.25
153.41
159.97
192.57
160.88
156.66
156.98
149.95
165.13
103.73
149.18
153.75
142.88
165.48
131.75
192.01
139.72
173.49
166.08
112.41
183.02
123.09
171.38
178.90
178.18
193.74
176.15
137.75
194.68
120.20
141.81
176.61
114.19
182.70
181.98
127.28
168.97
109.99
126.63
171.62
120.12
105.13
122.69
158.77
112.75
110.73
119.87
131.33
197.74
127.47
163.77
188.55
128.36
188.15
107.10
185.19
124.04
167.64
154.25
176.13
143.25
178.71
174.24
169.14
122.93
163.38
153.25
140.37
122.67
140.10
108.49
101.03
158.53
107.84
152.74
177.16
123.67
140.44
180.93
179.32
170.62
126.35
148.53
193.75
173.58
122.33
125.20
123.02
198.23
193.13
136.52
139.79
181.21
103.21
151.70
195.16
161.74
111.89
135.91
140.14
113.88
198.28
161.73
177.44
199.44
108.91
166.71
159.57
198.69
177.35
151.11
188.75
179.17
112.73
133.10
154.43
130.91
191.95
117.70
164.94
130.73
118.99
189.86
191.22
198.07
133.97
112.22
142.61
169.76
164.50
193.78
137.45
152.61
112.28
196.88
114.40
108.80
159.16
166.87
154.50
191.55
158.45
